Date,Open,High,Low,Close,Adj Close,Volume
2015-05-04,26.809999,26.959999,26.410000,26.440001,21.218184,4512000
2015-05-05,26.379999,27.240000,26.180000,27.170000,21.804014,4852900
2015-05-06,27.110001,27.240000,26.740000,27.110001,21.755869,4498700
2015-05-07,26.830000,27.889999,26.760000,27.860001,22.357737,4898200
2015-05-08,28.010000,28.400000,27.559999,28.000000,22.470093,5057100
2015-05-11,28.040001,28.230000,27.360001,28.059999,22.518244,4250700
2015-05-12,27.830000,28.150000,27.510000,27.510000,22.076866,8149600
2015-05-13,27.370001,27.639999,26.850000,27.000000,21.667583,7216400
2015-05-14,26.690001,26.700001,25.719999,25.959999,20.832985,10009000
2015-05-15,26.059999,26.500000,25.910000,26.219999,21.041634,4186700
2015-05-18,26.500000,26.500000,25.760000,26.040001,20.897186,4840100
2015-05-19,26.150000,26.200001,24.870001,25.270000,20.279253,6186300
2015-05-20,24.940001,25.629999,24.660000,25.030001,20.086657,7501600
2015-05-21,24.809999,24.889999,24.280001,24.629999,19.765654,4396900
2015-05-22,23.900000,23.980000,23.350000,23.350000,19.088081,8459200
2015-05-25,23.309999,24.379999,23.110001,24.200001,19.782934,3862700
2015-05-26,24.129999,24.240000,23.309999,23.549999,19.251577,5312100
2015-05-27,23.709999,24.080000,23.250000,23.940001,19.570393,6281500
2015-05-28,23.790001,23.790001,23.250000,23.400000,19.128954,6655500
2015-05-29,23.500000,23.500000,22.709999,22.740000,18.589417,7117300
2015-06-01,22.799999,23.030001,22.549999,22.879999,18.703867,3791100
2015-06-02,23.000000,23.660000,22.959999,23.450001,19.169823,8113400
2015-06-03,23.500000,23.580000,22.600000,22.600000,18.474976,12368900
2015-06-05,22.700001,22.700001,22.110001,22.330000,18.254257,6239900
2015-06-08,22.510000,22.760000,22.200001,22.230000,18.172504,6960800
2015-06-09,22.330000,22.730000,22.299999,22.520000,18.409573,9933400
2015-06-10,22.900000,23.450001,22.790001,23.209999,18.973633,6129000
2015-06-11,23.480000,23.500000,22.629999,23.070000,18.859188,4810500
2015-06-12,22.690001,22.980000,22.500000,22.500000,18.627293,6598300
2015-06-15,22.480000,22.480000,22.049999,22.459999,18.594179,3989900
2015-06-16,22.660000,23.340000,22.530001,23.209999,19.215082,11123900
2015-06-17,23.200001,23.290001,22.459999,22.549999,18.668690,5836700
2015-06-18,22.820000,23.410000,22.660000,23.280001,19.273035,5502600
2015-06-19,23.000000,23.340000,22.719999,23.120001,19.140581,5137000
2015-06-22,23.410000,23.719999,23.290001,23.559999,19.504845,6777600
2015-06-23,23.700001,24.080000,23.420000,23.420000,19.388945,5016600
2015-06-24,23.559999,23.950001,23.280001,23.879999,19.769760,5413300
2015-06-25,23.900000,23.950001,23.299999,23.580000,19.521402,5829400
2015-06-26,23.490000,24.500000,23.459999,24.500000,20.283054,6519300
2015-06-29,24.030001,24.340000,23.629999,23.799999,19.703531,4960700
2015-06-30,23.860001,24.299999,23.670000,24.280001,20.100916,6491500
2015-07-01,24.379999,24.500000,23.799999,23.969999,19.844276,4511700
2015-07-02,24.209999,24.260000,23.670000,23.900000,19.786322,11115700
2015-07-03,23.850000,23.850000,23.510000,23.670000,19.595917,2001200
2015-07-06,23.469999,24.150000,23.200001,23.850000,19.744932,3758500
2015-07-07,23.700001,23.740000,23.170000,23.420000,19.388945,5972200
2015-07-08,23.270000,23.600000,23.010000,23.160000,19.173695,3266200
2015-07-10,23.459999,24.030001,23.450001,23.760000,19.670425,4380100
2015-07-13,24.000000,24.139999,23.780001,23.900000,19.786322,2839700
2015-07-14,23.950001,24.120001,23.559999,23.930000,19.811163,2118500
2015-07-15,23.870001,24.160000,23.809999,23.930000,19.811163,3813400
2015-07-16,23.209999,23.610001,22.920000,23.150000,19.165411,8331000
2015-07-17,23.100000,23.320000,22.459999,22.600000,18.710079,7059000
2015-07-20,22.570000,22.680000,22.030001,22.030001,18.238194,5987000
2015-07-21,22.110001,22.290001,21.629999,22.000000,18.213350,5260100
2015-07-22,21.889999,21.889999,20.850000,20.940001,17.335798,8685200
2015-07-23,20.840000,21.180000,20.530001,20.610001,17.062601,6701000
2015-07-24,20.610001,20.770000,19.700001,20.410000,16.897022,6942800
2015-07-27,20.740000,21.330000,20.629999,21.030001,17.410313,8878600
2015-07-28,21.520000,21.590000,20.299999,21.000000,17.385471,7731300
2015-07-29,20.860001,21.930000,20.830000,21.930000,18.155405,7362000
2015-07-30,21.930000,22.090000,21.330000,21.549999,17.840807,4469600
2015-07-31,21.790001,22.090000,21.559999,22.049999,18.254745,7001300
2015-08-03,21.950001,22.490000,21.830000,22.240000,18.412048,4996500
2015-08-04,22.360001,22.360001,21.320000,21.450001,17.758017,4490900
2015-08-05,21.600000,21.879999,21.400000,21.700001,17.964989,3604400
2015-08-06,21.500000,21.600000,21.020000,21.100000,17.468264,4343000
2015-08-07,21.049999,21.209999,20.450001,20.480000,16.954975,4646500
2015-08-10,20.750000,21.230000,20.520000,21.020000,17.402027,2700900
2015-08-11,21.000000,21.280001,20.549999,21.280001,17.617283,3758800
2015-08-12,21.000000,21.080000,20.200001,20.340000,16.839077,7616400
2015-08-13,20.059999,20.200001,19.330000,19.450001,16.102261,10048200
2015-08-14,19.590000,19.780001,19.280001,19.299999,15.978079,5202800
2015-08-17,19.309999,19.500000,18.980000,18.980000,15.713156,7007700
2015-08-18,18.930000,20.180000,18.809999,19.620001,16.243002,12265900
2015-08-19,18.860001,19.059999,18.410000,18.410000,15.241268,10888300
2015-08-20,18.280001,18.709999,18.000000,18.600000,15.398560,9542300
2015-08-21,18.459999,18.790001,18.070000,18.559999,15.365444,6490400
2015-08-24,17.400000,18.490000,17.120001,17.930000,14.957544,12244800
2015-08-25,18.590000,18.639999,17.680000,17.700001,14.765674,9301400
2015-08-26,17.940001,18.580000,17.559999,18.570000,15.491447,9703700
2015-08-27,18.910000,19.690001,18.730000,19.230000,16.042028,10726000
2015-08-28,18.990000,19.480000,18.520000,18.780001,15.666635,10631900
2015-08-31,18.170000,18.430000,17.600000,17.830000,14.874124,13688600
2015-09-01,17.500000,17.780001,17.299999,17.370001,14.490381,6906200
2015-09-02,17.520000,17.780001,17.230000,17.400000,14.515410,7051400
2015-09-03,17.570000,17.830000,17.160000,17.830000,14.874124,9856300
2015-09-04,17.410000,17.639999,17.040001,17.040001,14.215094,7160300
2015-09-08,17.370001,17.469999,16.930000,17.100000,14.265143,6036500
2015-09-09,17.400000,17.740000,17.100000,17.150000,14.306855,6380300
2015-09-10,16.620001,16.850000,16.150000,16.850000,14.056588,15834600
2015-09-11,16.820000,16.959999,16.400000,16.400000,13.681188,7553700
2015-09-14,16.290001,17.150000,16.219999,17.080000,14.483440,8725200
2015-09-15,17.020000,17.879999,16.700001,17.700001,15.009188,8619000
2015-09-16,17.820000,18.400000,17.820000,17.870001,15.153347,9652200
2015-09-17,17.990000,18.299999,17.799999,17.830000,15.119424,10002000
2015-09-18,17.770000,17.770000,16.610001,16.830000,14.271451,9304800
2015-09-21,16.920000,17.080000,16.290001,16.290001,13.813541,6592400
2015-09-22,16.230000,16.700001,15.780000,16.280001,13.805060,8694000
2015-09-23,16.400000,16.459999,15.660000,15.700000,13.313235,9529300
2015-09-24,15.500000,15.940000,15.150000,15.730000,13.338673,8758800
2015-09-25,16.020000,16.200001,15.250000,15.250000,12.931645,7035900
2015-09-28,15.150000,15.240000,14.490000,14.490000,12.287182,9496800
2015-09-29,14.520000,14.690000,14.300000,14.330000,12.151509,8577900
2015-09-30,14.890000,15.200000,14.780000,15.200000,12.889247,12285700
2015-10-01,15.200000,15.330000,14.710000,14.910000,12.643332,9200600
2015-10-02,14.840000,15.960000,14.730000,15.920000,13.499789,9080200
2015-10-05,16.080000,16.480000,15.930000,16.160000,13.703305,7039700
2015-10-06,16.040001,16.610001,15.830000,16.530001,14.017056,7710700
2015-10-07,16.740000,17.930000,16.740000,17.930000,15.204219,22211700
2015-10-08,17.799999,18.049999,17.580000,17.670000,14.983746,10813200
2015-10-09,18.000000,18.510000,17.760000,18.510000,15.696049,11351300
2015-10-13,17.940001,18.000000,16.920000,16.969999,14.390166,12677700
2015-10-14,16.900000,17.270000,16.770000,16.809999,14.254489,11963600
2015-10-15,17.000000,17.139999,16.320000,16.570000,14.050977,7000300
2015-10-16,16.570000,16.780001,16.209999,16.280001,13.805060,8396000
2015-10-19,16.370001,17.030001,16.120001,17.000000,14.415605,6333500
2015-10-20,17.010000,17.180000,16.360001,16.450001,13.949217,6571800
2015-10-21,16.350000,16.840000,16.320000,16.650000,14.118813,6947600
2015-10-22,16.650000,17.090000,16.530001,16.900000,14.330806,6515800
2015-10-23,17.209999,17.440001,16.670000,16.670000,14.135773,5846400
2015-10-26,16.750000,17.139999,16.299999,16.340000,13.855936,5794700
2015-10-27,16.400000,16.559999,16.200001,16.559999,14.042494,7301300
2015-10-28,16.500000,16.980000,16.110001,16.280001,13.805060,332200
2015-10-29,16.120001,16.250000,15.500000,15.500000,13.143639,8850700
2015-10-30,15.400000,15.970000,15.400000,15.970000,13.542188,6572500
2015-11-03,16.270000,17.420000,16.090000,17.379999,14.737835,10820800
2015-11-04,17.620001,17.950001,17.340000,17.450001,14.797195,10110900
2015-11-05,17.350000,18.299999,17.340000,18.299999,15.517974,9221400
2015-11-06,18.110001,18.219999,17.120001,17.400000,14.754794,8698400
2015-11-09,17.190001,17.580000,16.860001,17.160000,14.551284,5417200
2015-11-10,16.809999,17.219999,16.730000,17.129999,14.525844,4085300
2015-11-11,17.340000,17.780001,17.250000,17.260000,14.636078,10432400
2015-11-12,16.799999,17.270000,16.750000,17.209999,14.593680,10095600
2015-11-13,17.049999,17.170000,16.850000,17.070000,14.474964,4881200
2015-11-16,17.110001,17.420000,16.950001,17.299999,14.669996,5687400
2015-11-17,17.500000,17.910000,17.400000,17.610001,14.932873,6117200
2015-11-18,17.650000,18.080000,17.540001,17.740000,15.043107,8654700
2015-11-19,18.049999,18.820000,17.950001,18.730000,15.882609,12131900
2015-11-23,18.809999,19.200001,18.330000,18.570000,15.746933,7927200
2015-11-24,18.299999,18.750000,18.010000,18.600000,15.918791,5628400
2015-11-25,18.320000,18.360001,17.309999,17.400000,14.891767,7928300
2015-11-26,17.620001,18.010000,17.500000,17.850000,15.276901,4210000
2015-11-27,17.760000,17.760000,17.110001,17.290001,14.797624,6465400
2015-11-30,17.110001,17.209999,16.290001,16.290001,13.941776,13290900
2015-12-01,16.400000,16.650000,16.230000,16.290001,13.941776,8034100
2015-12-02,16.379999,16.790001,16.110001,16.420000,14.053036,8755000
2015-12-03,17.400000,17.980000,17.150000,17.799999,15.234108,11032700
2015-12-04,17.680000,17.690001,17.059999,17.320000,14.823301,7398800
2015-12-07,17.450001,17.820000,17.190001,17.250000,14.763392,5229800
2015-12-08,17.250000,17.389999,16.920000,17.080000,14.617894,6129600
2015-12-09,17.520000,18.980000,17.459999,18.799999,16.089954,20423600
2015-12-10,18.639999,18.730000,17.959999,18.000000,15.405279,12820300
2015-12-11,17.780001,18.320000,17.559999,17.650000,15.105726,11240200
2015-12-14,17.360001,17.379999,16.620001,16.639999,14.466302,8215600
2015-12-15,16.850000,17.209999,16.709999,16.760000,14.570627,7197700
2015-12-16,16.600000,16.750000,16.000000,16.500000,14.344592,9639500
2015-12-17,17.120001,17.299999,16.309999,16.389999,14.248960,9679300
2015-12-18,15.900000,16.219999,15.610000,15.950000,13.866437,12870300
2015-12-21,16.000000,16.100000,14.910000,14.910000,12.962293,12005900
2015-12-22,15.140000,15.510000,14.930000,15.000000,13.040539,12068600
2015-12-23,15.270000,15.310000,14.600000,14.850000,12.910131,8618600
2015-12-28,14.870000,15.050000,14.850000,14.980000,13.023149,5503200
2015-12-29,15.190000,15.190000,14.800000,14.800000,12.866661,4406900
2015-12-30,14.900000,14.940000,14.600000,14.740000,12.814499,4869500
2016-01-04,14.440000,14.570000,14.240000,14.240000,12.379818,6090500
2016-01-05,14.410000,14.570000,14.290000,14.290000,12.423285,5604500
2016-01-06,14.130000,14.490000,14.020000,14.290000,12.423285,5865000
2016-01-07,14.100000,14.230000,13.940000,13.950000,12.127699,6490700
2016-01-08,14.190000,14.360000,13.810000,13.950000,12.127699,4692500
2016-01-11,14.000000,14.060000,13.500000,13.550000,11.779950,5335500
2016-01-12,13.670000,13.850000,13.080000,13.080000,11.371350,6985500
2016-01-13,13.320000,13.430000,12.720000,12.840000,11.162700,7820900
2016-01-14,13.000000,13.560000,12.660000,13.560000,11.788644,9186900
2016-01-15,13.190000,13.370000,12.920000,13.040000,11.336573,8129700
2016-01-18,13.110000,13.210000,12.910000,12.960000,11.267024,3508800
2016-01-19,13.320000,13.350000,12.840000,12.840000,11.162700,6703500
2016-01-20,12.660000,12.840000,12.520000,12.720000,11.058375,7207700
2016-01-21,12.620000,13.040000,12.550000,12.710000,11.049682,8120100
2016-01-22,12.950000,13.150000,12.880000,13.000000,11.301797,6642500
2016-01-26,12.840000,12.950000,12.720000,12.890000,11.206168,9925400
2016-01-27,12.800000,12.920000,12.610000,12.700000,11.040988,10354000
2016-01-28,12.820000,13.050000,12.670000,12.980000,11.284411,6843400
2016-01-29,13.070000,13.850000,12.990000,13.850000,12.040764,10282000
2016-02-01,13.740000,14.200000,13.510000,14.160000,12.310265,6842200
2016-02-02,13.800000,13.870000,13.070000,13.100000,11.388737,11843000
2016-02-03,13.460000,13.540000,13.160000,13.270000,11.536529,6660600
2016-02-04,13.500000,14.120000,13.410000,13.800000,11.997294,9025300
2016-02-05,13.900000,14.050000,13.640000,13.690000,11.901665,5590000
2016-02-10,13.520000,13.720000,13.470000,13.690000,11.901665,5385500
2016-02-11,13.470000,13.590000,12.830000,13.060000,11.353960,10893200
2016-02-12,13.200000,13.570000,12.810000,13.000000,11.301797,10086400
2016-02-15,13.300000,13.350000,13.080000,13.140000,11.423510,4513300
2016-02-16,13.140000,13.540000,13.100000,13.400000,11.649548,6960600
2016-02-17,13.430000,13.800000,13.110000,13.360000,11.614771,9799100
2016-02-18,13.360000,13.560000,12.870000,12.870000,11.188783,9134300
2016-02-19,12.870000,13.290000,12.800000,13.010000,11.310489,8006100
2016-02-22,13.390000,13.700000,13.300000,13.610000,11.832115,10605100
2016-02-23,13.500000,13.940000,13.320000,13.520000,11.753872,6928900
2016-02-24,13.160000,13.270000,12.880000,13.070000,11.362654,9835100
2016-02-25,13.000000,13.210000,12.700000,13.120000,11.406123,9856600
2016-02-26,13.270000,13.480000,12.960000,13.200000,11.475672,6972500
2016-02-29,13.400000,13.690000,13.240000,13.540000,11.771258,16339100
2016-03-01,13.720000,14.450000,13.620000,14.320000,12.449368,13533200
2016-03-02,14.380000,14.870000,14.210000,14.770000,12.840585,12969400
2016-03-03,15.100000,16.990000,15.000000,16.610001,14.529313,25752900
2016-03-04,16.610001,19.700001,16.610001,18.250000,15.963875,26927200
2016-03-07,18.250000,18.450001,17.510000,18.260000,15.972622,11314500
2016-03-08,18.250000,20.250000,17.940001,20.250000,17.713341,26561500
2016-03-09,20.200001,21.219999,19.910000,20.299999,17.757076,24832500
2016-03-10,20.750000,21.959999,20.170000,21.500000,18.806757,22628600
2016-03-11,21.520000,23.290001,21.250000,22.850000,19.987646,28131900
2016-03-14,23.000000,23.620001,21.549999,22.200001,19.502964,21219900
2016-03-15,20.510000,20.650000,17.500000,17.500000,15.373957,35066600
2016-03-16,17.150000,18.389999,16.799999,18.090000,15.892276,23570000
2016-03-17,21.209999,21.350000,19.350000,20.690001,18.176403,30735700
2016-03-18,20.820000,21.120001,19.940001,20.360001,17.886499,12944500
2016-03-21,20.590000,20.790001,20.250000,20.700001,18.185194,11153100
2016-03-22,20.520000,20.719999,20.320000,20.400000,17.921638,9655800
2016-03-23,19.980000,19.990000,19.500000,19.639999,17.253973,9840000
2016-03-24,18.750000,19.280001,18.650000,18.990000,16.682934,10905400
2016-03-28,20.200001,20.290001,19.690001,20.100000,17.658083,16309200
2016-03-29,20.150000,20.700001,19.530001,20.700001,18.185194,18965300
2016-03-30,21.000000,21.100000,20.230000,20.270000,17.807430,13967800
2016-03-31,20.010000,20.160000,19.340000,19.770000,17.368177,141500
2016-04-01,19.389999,19.969999,19.200001,19.770000,17.368177,45000
2016-04-04,19.410000,19.559999,18.620001,18.650000,16.384241,159400
2016-04-05,18.549999,19.270000,17.959999,18.350000,16.120687,190200
2016-04-06,18.110001,18.690001,17.799999,18.180000,15.971340,128500
2016-04-07,18.740000,18.740000,18.740000,18.740000,16.463305,57200
2016-04-08,19.490000,20.950001,19.360001,20.900000,18.360897,18366700
2016-04-11,21.330000,21.799999,21.120001,21.540001,18.923140,73100
2016-04-12,21.719999,22.160000,21.309999,22.100000,19.415108,118500
2016-04-13,22.760000,23.129999,22.320000,22.330000,19.617163,187600
2016-04-14,22.809999,23.059999,21.660000,21.930000,19.265759,16005800
2016-04-15,22.780001,22.790001,22.139999,22.700001,19.942217,14570000
2016-04-18,22.600000,23.059999,21.830000,22.080000,19.397541,14848800
2016-04-19,22.400000,22.600000,21.980000,21.980000,19.309685,86700
2016-04-20,21.879999,21.990000,21.440001,21.830000,19.177906,9939800
2016-04-22,21.270000,21.580000,21.030001,21.270000,18.685940,11617100
2016-04-25,21.100000,21.389999,20.559999,20.799999,18.273046,6260900
2016-04-26,20.920000,21.900000,20.809999,21.750000,19.107626,12754000
2016-04-27,22.000000,22.580000,21.940001,22.299999,19.590807,9119600
2016-04-28,22.049999,22.180000,21.500000,21.750000,19.107626,11077800
2016-04-29,22.000000,22.120001,21.600000,22.110001,19.423893,15200200
2016-05-02,22.000000,22.110001,21.410000,21.549999,18.931923,8651100
2016-05-03,21.100000,21.100000,20.440001,20.440001,17.956774,8693500
2016-05-04,20.299999,20.930000,20.250000,20.879999,18.343321,7772800
2016-05-05,21.200001,21.320000,20.299999,20.520000,18.027058,5715400
2016-05-06,19.980000,20.969999,19.980000,20.690001,18.176403,5680500
2016-05-09,20.639999,20.700001,19.200001,20.250000,17.789864,11464200
2016-05-10,20.780001,21.450001,20.610001,21.450001,18.844067,15403400
2016-05-11,22.000000,22.129999,20.480000,20.480000,17.991915,18367100
2016-05-12,20.129999,20.620001,19.330000,19.900000,17.482380,27811000
2016-05-13,19.950001,20.180000,19.000000,19.360001,17.007992,13756600
2016-05-16,19.309999,19.500000,19.020000,19.059999,16.744434,11549000
2016-05-17,18.860001,18.980000,18.100000,18.139999,15.936199,12627400
2016-05-18,18.040001,18.750000,17.709999,18.160000,15.953772,12180200
2016-05-19,17.950001,18.230000,17.639999,17.730000,15.576010,9689900
2016-05-20,18.000000,18.129999,17.309999,17.309999,15.207035,8083100
2016-05-23,17.040001,17.240000,16.840000,17.000000,14.934697,8719300
2016-05-24,17.280001,17.520000,15.980000,15.980000,14.149885,27469100
2016-05-25,16.000000,16.750000,15.990000,16.450001,14.566061,20112900
2016-05-27,16.700001,16.840000,15.860000,16.129999,14.282707,8028000
2016-05-30,16.309999,16.650000,16.170000,16.410000,14.530640,4542900
2016-05-31,16.350000,16.920000,15.970000,16.469999,14.583769,13179300
2016-06-01,16.379999,16.670000,16.110001,16.570000,14.672320,10750700
2016-06-02,16.660000,16.900000,16.260000,16.900000,14.964522,10035000
2016-06-03,17.030001,17.389999,16.850000,17.299999,15.318712,9551900
2016-06-06,17.350000,17.570000,16.940001,17.120001,15.159328,8458400
2016-06-07,16.950001,17.389999,16.850000,16.920000,14.982231,7148500
2016-06-08,17.080000,17.600000,17.070000,17.450001,15.451530,8893500
2016-06-09,17.309999,17.540001,17.080000,17.400000,15.407257,10696500
2016-06-10,17.160000,17.250000,16.549999,16.549999,14.654603,9866700
2016-06-13,16.360001,16.850000,16.260000,16.690001,14.778571,6866400
2016-06-14,16.629999,16.830000,15.900000,16.110001,14.383718,8814900
2016-06-15,16.230000,16.360001,15.600000,16.100000,14.374787,12455700
2016-06-16,15.980000,16.290001,15.560000,16.190001,14.455145,10146000
2016-06-17,16.330000,16.680000,16.000000,16.000000,14.285505,13061400
2016-06-20,16.480000,16.790001,16.370001,16.590000,14.812281,13773700
2016-06-21,15.950000,16.049999,15.750000,15.850000,14.151578,20094600
2016-06-22,15.990000,16.219999,15.800000,15.800000,14.106936,11060600
2016-06-23,16.110001,16.330000,15.980000,16.219999,14.481929,11765200
2016-06-24,15.620000,15.900000,15.390000,15.890000,14.187293,10321400
2016-06-27,16.040001,16.059999,15.440000,15.640000,13.964082,8004900
2016-06-28,15.960000,16.090000,15.790000,16.030001,14.312290,7101000
2016-06-29,16.190001,16.549999,16.190001,16.490000,14.722998,10735300
2016-06-30,16.459999,17.180000,16.230000,17.180000,15.339056,14233000
2016-07-01,17.190001,17.290001,16.900000,17.049999,15.222988,8281500
2016-07-04,17.200001,17.299999,16.990000,17.129999,15.294417,5720800
2016-07-05,17.030001,17.090000,16.809999,17.000000,15.178350,4960500
2016-07-06,16.900000,17.020000,16.570000,16.959999,15.142637,9083700
2016-07-07,17.010000,17.139999,16.750000,16.750000,14.955138,7591200
2016-07-08,17.059999,17.270000,16.980000,17.230000,15.383704,5765900
2016-07-11,17.510000,18.040001,17.450001,18.020000,16.089052,9649400
2016-07-12,18.320000,18.530001,17.760000,17.790001,15.883698,10549800
2016-07-13,17.790001,18.200001,17.549999,18.049999,16.115833,11060500
2016-07-14,18.400000,19.129999,18.270000,19.010000,16.972967,18401700
2016-07-15,18.940001,19.400000,18.940001,19.260000,17.196177,15369800
2016-07-18,19.299999,19.959999,19.260000,19.959999,17.821163,10240100
2016-07-19,19.889999,20.930000,19.799999,20.930000,18.687223,18070500
2016-07-20,21.000000,21.510000,20.750000,21.350000,19.062220,16536100
2016-07-21,21.299999,21.469999,20.270000,20.950001,18.705084,14932500
2016-07-22,20.900000,21.260000,20.610001,20.610001,18.401522,8093800
2016-07-25,20.690001,21.299999,20.680000,21.299999,19.017582,11968000
2016-07-26,21.350000,21.719999,21.299999,21.440001,19.142578,9794900
2016-07-27,21.500000,21.900000,21.400000,21.480000,19.178286,9005100
2016-07-28,21.250000,21.250000,20.500000,20.670000,18.455086,8817700
2016-07-29,20.660000,21.190001,20.510000,21.049999,18.794365,9089100
2016-08-01,21.139999,21.340000,20.660000,20.690001,18.472942,7115700
2016-08-02,20.500000,20.870001,20.100000,20.200001,18.035450,10078500
2016-08-03,20.100000,20.680000,20.030001,20.520000,18.321165,7380500
2016-08-04,20.719999,21.100000,20.700001,21.070000,18.812225,7672400
2016-08-05,21.299999,21.480000,20.969999,21.219999,18.946146,4617100
2016-08-08,21.080000,21.360001,21.000000,21.170000,18.901510,4347900
2016-08-09,21.230000,21.549999,21.129999,21.400000,19.106865,5331500
2016-08-10,21.469999,21.600000,20.770000,20.870001,18.633654,7882500
2016-08-11,20.809999,22.059999,20.809999,22.049999,19.687212,15862500
2016-08-12,22.049999,22.820000,21.900000,22.670000,20.240776,17209400
2016-08-15,22.730000,23.219999,22.670000,23.180000,20.696125,8290800
2016-08-16,22.930000,23.200001,22.520000,22.639999,20.213989,8343700
2016-08-17,22.700001,22.770000,22.110001,22.760000,20.321127,7967300
2016-08-18,22.790001,22.920000,22.490000,22.730000,20.294346,5522000
2016-08-19,22.600000,23.250000,22.490000,23.200001,20.713982,9095100
2016-08-22,23.180000,23.200001,22.309999,22.309999,19.919348,7590900
2016-08-23,22.500000,22.809999,22.320000,22.580000,20.287695,11726900
2016-08-24,22.410000,22.620001,22.200001,22.350000,20.081043,5561100
2016-08-25,22.400000,22.709999,22.309999,22.440001,20.161909,5055200
2016-08-26,22.600000,23.129999,22.480000,22.900000,20.575209,8260600
2016-08-29,22.879999,23.930000,22.690001,23.820000,21.401808,8798800
2016-08-30,23.940001,24.150000,23.520000,23.730000,21.320948,8116800
2016-08-31,23.879999,24.340000,22.740000,23.209999,20.853739,18848500
2016-09-01,23.450001,23.629999,22.850000,22.860001,20.539270,8984100
2016-09-02,23.170000,23.770000,23.110001,23.719999,21.311964,10502900
2016-09-05,23.840000,23.980000,23.350000,23.490000,21.105314,4795400
2016-09-06,23.620001,24.020000,23.309999,24.020000,21.581511,8142500
2016-09-08,23.870001,24.299999,23.799999,24.129999,21.680340,7769600
2016-09-09,23.750000,23.799999,22.740000,22.840000,20.521301,10947400
2016-09-12,22.740000,23.090000,22.209999,22.950001,20.620131,10796200
2016-09-13,22.559999,22.570000,21.809999,22.010000,19.885300,9442200
2016-09-14,22.049999,22.270000,21.650000,21.930000,19.813023,7048500
2016-09-15,22.059999,22.500000,21.910000,22.309999,20.156342,7118700
2016-09-16,22.230000,22.280001,21.700001,21.930000,19.813023,7816200
2016-09-19,22.190001,22.480000,22.010000,22.010000,19.885300,5674900
2016-09-20,22.299999,22.639999,22.219999,22.610001,20.427382,5901200
2016-09-21,22.860001,23.600000,22.780001,23.340000,21.086908,10974300
2016-09-22,23.600000,23.730000,23.250000,23.450001,21.186293,7087000
2016-09-23,23.299999,23.379999,22.740000,22.950001,20.734560,6136300
2016-09-26,22.670000,22.879999,22.450001,22.690001,20.499657,3624000
2016-09-27,22.760000,22.950001,22.299999,22.879999,20.671320,6696300
2016-09-28,22.990000,23.309999,22.740000,23.309999,21.059807,5266200
2016-09-29,23.340000,23.420000,22.600000,22.629999,20.445452,7184600
2016-09-30,22.650000,23.150000,22.559999,22.799999,20.599043,4863000
2016-10-03,22.900000,23.450001,22.900000,23.340000,21.086908,6341100
2016-10-04,23.299999,23.540001,23.120001,23.400000,21.141113,6053900
2016-10-05,23.500000,24.150000,23.389999,23.930000,21.619959,7781600
2016-10-06,23.850000,24.840000,23.750000,24.680000,22.297558,10883500
2016-10-07,24.910000,25.389999,24.889999,25.280001,22.839640,12287000
2016-10-10,25.430000,25.670000,25.330000,25.450001,22.993227,5432900
2016-10-11,25.309999,25.330000,24.820000,24.870001,22.469215,5804400
2016-10-13,24.770000,25.530001,24.520000,25.299999,22.857706,10658200
2016-10-14,25.700001,26.049999,25.580000,25.959999,23.453995,9830800
2016-10-17,25.799999,27.480000,25.799999,27.480000,24.827261,12898600
2016-10-18,27.549999,28.059999,27.420000,28.049999,25.342239,11863100
2016-10-19,28.049999,28.350000,27.459999,27.530001,24.872437,9277600
2016-10-20,27.209999,28.180000,27.209999,28.100000,25.387417,8202200
2016-10-21,28.080000,28.700001,27.730000,28.450001,25.703629,9334900
2016-10-24,28.799999,29.240000,28.219999,28.219999,25.495827,9320000
2016-10-25,28.400000,28.490000,27.250000,27.549999,24.890507,11601600
2016-10-26,27.299999,27.750000,27.000000,27.340000,24.700775,12106500
2016-10-27,27.250000,28.770000,27.250000,28.740000,25.965631,12110200
2016-10-28,28.549999,28.930000,28.020000,28.290001,25.559078,6630900
2016-10-31,28.370001,29.400000,28.350000,29.290001,26.462538,8607200
2016-11-01,29.379999,29.459999,27.920000,27.940001,25.242859,7917000
2016-11-03,27.400000,27.760000,26.610001,26.610001,24.041248,13599200
2016-11-04,26.610001,27.709999,26.110001,26.879999,24.285185,11263500
2016-11-07,28.150000,28.330000,27.719999,28.330000,25.595211,6734900
2016-11-08,27.959999,28.490000,27.740000,28.280001,25.550035,6778200
2016-11-09,26.799999,28.000000,26.700001,27.280001,24.646568,9876200
2016-11-10,27.879999,27.879999,25.400000,25.530001,23.065506,15855900
2016-11-11,25.049999,25.500000,23.500000,23.760000,21.466368,20621500
2016-11-14,23.700001,24.750000,23.070000,24.420000,22.062654,12833800
2016-11-16,25.000000,26.330000,24.549999,26.000000,23.490135,16219400
2016-11-17,26.290001,26.780001,25.400000,25.520000,23.056467,9529900
2016-11-18,25.450001,26.309999,25.420000,26.270000,23.734068,7386300
2016-11-21,27.760000,28.330000,27.360001,28.330000,25.595211,13946200
2016-11-22,28.750000,29.230000,28.129999,28.580000,25.921610,13231600
2016-11-23,28.219999,28.799999,28.139999,28.450001,25.803699,7272000
2016-11-24,28.400000,28.469999,27.690001,27.690001,25.114393,2784000
2016-11-25,27.290001,27.900000,27.000000,27.629999,25.059973,4773200
2016-11-28,27.629999,28.969999,27.420000,28.900000,26.211842,7214700
2016-11-29,28.530001,28.889999,27.850000,27.850000,25.259510,5046100
2016-11-30,28.549999,28.980000,28.280001,28.500000,25.849045,8596800
2016-12-01,26.620001,26.620001,26.620001,26.620001,24.143921,11764200
2016-12-02,26.400000,27.450001,25.900000,27.170000,24.642759,9316300
2016-12-05,27.170000,27.389999,26.350000,26.650000,24.171125,8078000
2016-12-06,26.530001,27.190001,26.209999,26.680000,24.198339,9030600
2016-12-07,27.080000,27.150000,26.799999,27.000000,24.488573,7421000
2016-12-08,27.209999,27.330000,26.610001,26.799999,24.307175,5186000
2016-12-09,27.020000,27.250000,26.620001,27.040001,24.524849,6278700
2016-12-12,26.510000,26.690001,25.610001,25.750000,23.354837,10960000
2016-12-13,25.700001,26.379999,25.700001,25.910000,23.570381,7364900
2016-12-14,25.950001,26.180000,25.280001,25.280001,22.997267,9318300
2016-12-15,25.280001,26.250000,25.020000,26.250000,23.879675,10540600
2016-12-16,26.389999,26.950001,26.350000,26.420000,24.034328,8167700
2016-12-19,26.500000,26.719999,25.610001,25.830000,23.497602,6133900
2016-12-20,26.020000,26.740000,25.650000,26.250000,23.879675,7630900
2016-12-21,26.500000,26.670000,26.090000,26.250000,23.879675,3974600
2016-12-22,26.280001,26.280001,25.809999,26.000000,23.652252,8083100
2016-12-23,26.059999,26.920000,26.059999,26.740000,24.325434,5261100
2016-12-26,26.790001,27.250000,26.790001,27.160000,24.707506,1404900
2016-12-27,27.320000,27.590000,27.040001,27.350000,24.880356,3565200
2016-12-28,27.350000,27.950001,27.270000,27.690001,25.189648,3454300
2016-12-29,27.690001,28.090000,27.480000,28.090000,25.553530,4695500
2017-01-02,27.900000,27.959999,27.440001,27.540001,25.053190,1968200
2017-01-03,27.760000,28.799999,27.760000,28.799999,26.199413,7578900
2017-01-04,28.650000,29.000000,28.549999,28.650000,26.062965,4156300
2017-01-05,28.719999,28.900000,28.430000,28.580000,25.999279,5457100
2017-01-06,28.580000,28.930000,28.540001,28.889999,26.281290,3692400
2017-01-09,27.790001,28.440001,27.549999,27.799999,25.289713,15490200
2017-01-10,28.260000,28.490000,28.020000,28.180000,25.635403,5447600
2017-01-11,28.350000,28.490000,27.620001,28.480000,25.908312,5684200
2017-01-12,29.120001,29.490000,28.980000,29.200001,26.563297,9465100
2017-01-13,28.990000,29.260000,28.330000,28.440001,25.871923,5499200
2017-01-16,28.500000,28.850000,28.280001,28.459999,25.890118,3489000
2017-01-17,28.450001,29.059999,28.379999,28.920000,26.308582,4969400
2017-01-18,29.059999,29.100000,28.680000,28.680000,26.090254,4305300
2017-01-19,28.740000,29.000000,28.309999,28.709999,26.117542,4024100
2017-01-20,28.760000,29.450001,28.760000,29.350000,26.699757,9854700
2017-01-23,29.500000,30.719999,29.410000,30.680000,27.909657,8134300
2017-01-24,30.700001,31.100000,29.799999,30.100000,27.382032,8073200
2017-01-26,31.000000,32.000000,30.750000,32.000000,29.110466,13530500
2017-01-27,31.790001,31.900000,31.350000,31.389999,28.555546,5372200
2017-01-30,31.020000,31.200001,30.209999,30.520000,27.764103,5651700
2017-01-31,30.680000,31.110001,30.290001,31.110001,28.300827,5544300
2017-02-01,31.389999,31.750000,31.150000,31.260000,28.437284,5422800
2017-02-02,30.860001,31.450001,30.480000,30.969999,28.173468,6384800
2017-02-03,30.820000,31.660000,30.290001,30.889999,28.100693,8189300
2017-02-06,31.299999,31.490000,29.850000,30.120001,27.400225,6117600
2017-02-07,30.660000,30.740000,30.120001,30.400000,27.654943,4222000
2017-02-08,30.490000,30.980000,30.059999,30.719999,27.946043,4427600
2017-02-09,30.760000,31.100000,30.309999,30.620001,27.855072,6273900
2017-02-10,30.980000,31.459999,30.510000,31.180000,28.364504,6443400
2017-02-13,31.299999,31.680000,31.090000,31.379999,28.546446,4891200
2017-02-14,31.430000,31.549999,30.850000,31.480000,28.637419,6112600
2017-02-15,31.530001,32.240002,31.510000,31.860001,28.983105,9181000
2017-02-16,31.219999,32.970001,31.000000,32.889999,29.920099,17075400
2017-02-17,32.630001,33.240002,32.419998,32.910000,29.938293,10704800
2017-02-20,33.110001,33.520000,32.869999,33.439999,30.420435,5008800
2017-02-21,33.439999,34.000000,33.419998,34.000000,30.929869,7416100
2017-02-22,33.900002,34.349998,33.700001,34.090000,31.011745,6848600
2017-02-23,34.110001,34.750000,33.139999,33.349998,30.338564,8672300
2017-02-24,32.919998,33.450001,32.450001,33.099998,30.111135,6558500
2017-03-01,33.900002,33.959999,33.099998,33.599998,30.565979,5667600
2017-03-02,33.490002,33.740002,33.150002,33.259998,30.280033,6869400
2017-03-03,33.369999,34.880001,33.360001,34.880001,31.754896,11083600
2017-03-06,34.619999,35.169998,34.599998,35.160000,32.009808,9013700
2017-03-07,35.290001,35.290001,34.509998,34.730000,31.618332,5198800
2017-03-08,34.619999,34.689999,33.799999,33.910000,30.871799,7208900
2017-03-09,33.779999,34.130001,33.299999,33.560001,30.553160,4361900
2017-03-10,33.770000,34.560001,33.580002,33.689999,30.671509,5800500
2017-03-13,34.000000,34.349998,33.709999,34.049999,30.999260,3798600
2017-03-14,33.889999,34.689999,33.830002,33.910000,30.937321,6702100
2017-03-15,34.139999,34.450001,33.200001,34.189999,31.192772,9587300
2017-03-16,34.110001,34.419998,33.330002,33.730000,30.773108,5649400
2017-03-17,33.919998,34.099998,32.709999,32.810001,29.933750,11259700
2017-03-20,32.689999,33.410000,32.200001,32.750000,29.879015,7964400
2017-03-21,33.099998,33.259998,31.799999,31.969999,29.167389,7483700
2017-03-22,31.969999,33.310001,31.830000,33.049999,30.152716,8957700
2017-03-23,32.889999,33.349998,32.599998,33.049999,30.152716,5528100
2017-03-24,33.000000,33.490002,32.900002,33.200001,30.289562,4668200
2017-03-27,32.849998,33.320000,32.619999,33.310001,30.389923,4075200
2017-03-28,33.189999,33.310001,32.810001,33.099998,30.198324,4583400
2017-03-29,33.090000,34.299999,32.970001,34.299999,31.293129,9381900
2017-03-30,34.400002,34.650002,33.919998,34.070000,31.083296,6508400
2017-03-31,33.799999,34.130001,33.700001,33.770000,30.809595,6904400
2017-04-03,33.759998,34.290001,33.570000,33.869999,30.900826,3635000
2017-04-04,33.799999,34.230000,33.599998,34.000000,31.019436,5875100
2017-04-05,34.099998,34.250000,33.130001,33.419998,30.490273,4777500
2017-04-06,33.400002,33.500000,32.369999,32.639999,29.778656,5936900
2017-04-07,32.570000,33.150002,32.000000,32.500000,29.650927,5329900
2017-04-10,32.570000,32.810001,32.279999,32.790001,29.915506,7686900
2017-04-11,32.849998,33.180000,32.450001,32.820000,29.942875,9444900
2017-04-12,32.689999,32.799999,32.200001,32.279999,29.450216,10804100
2017-04-13,32.080002,32.150002,30.600000,30.600000,27.917490,11850300
2017-04-17,30.980000,32.169998,30.740000,32.020000,29.213009,9616700
2017-04-18,31.730000,32.669998,31.620001,32.330002,29.495834,7821600
2017-04-19,32.419998,32.580002,31.120001,31.150000,28.419270,6039300
2017-04-20,31.510000,31.860001,31.049999,31.400000,28.647354,4456600
2017-04-24,32.119999,32.450001,31.600000,32.299999,29.468460,7623900
2017-04-25,32.099998,32.500000,31.809999,32.500000,29.650927,5036300
2017-04-26,32.349998,32.930000,32.110001,32.110001,29.295122,6518800
2017-04-27,32.380001,32.900002,32.150002,32.560001,29.705667,6250100
2017-04-28,32.500000,33.070000,32.369999,32.849998,29.970240,4064700
2017-05-02,33.070000,33.970001,32.840000,33.889999,30.919069,7994900
2017-05-03,33.830002,33.959999,33.279999,33.779999,30.818712,4191300
2017-05-04,33.849998,33.849998,32.360001,32.360001,29.523203,7536200
2017-05-05,32.549999,33.389999,32.400002,33.110001,30.207460,4963900
2017-05-08,32.700001,33.060001,32.200001,32.279999,29.450216,4753500
2017-05-09,32.320000,32.950001,32.160000,32.400002,29.559694,4885800
2017-05-10,32.889999,33.349998,32.810001,33.349998,30.426411,5573500
2017-05-11,33.500000,34.849998,33.500000,34.389999,31.375238,13969400
2017-05-12,34.599998,35.389999,34.410000,35.389999,32.287582,10666000
2017-05-15,35.369999,35.369999,34.490002,34.750000,31.703682,6148000
2017-05-16,34.700001,34.889999,34.529999,34.750000,31.703682,8685700
2017-05-17,34.520000,34.520000,33.400002,33.810001,30.846094,6482400
2017-05-18,25.200001,29.760000,25.200001,27.080000,24.706066,32943600
2017-05-19,28.350000,28.910000,27.760000,27.980000,25.527163,17808900
2017-05-22,27.469999,27.690001,26.139999,26.680000,24.341129,13641500
2017-05-23,27.000000,27.209999,26.700001,27.120001,24.913387,8613800
2017-05-24,27.700001,28.440001,27.600000,27.600000,25.354328,12103000
2017-05-25,27.730000,28.160000,27.209999,27.709999,25.455379,9191900
2017-05-26,27.900000,29.000000,27.799999,28.860001,26.511812,10149000
2017-05-29,28.860001,28.860001,28.860001,28.860001,26.511812,0
2017-05-30,28.719999,29.090000,28.650000,29.000000,26.640417,4374700
2017-05-31,29.000000,29.250000,28.129999,28.340000,26.034119,10442600
2017-06-01,28.610001,28.799999,27.850000,28.040001,25.758530,6197900
2017-06-02,28.350000,28.549999,27.809999,28.080000,25.795277,7182800
2017-06-05,27.799999,28.180000,27.389999,27.600000,25.354328,5627700
2017-06-06,27.650000,28.700001,27.510000,28.610001,26.282154,9212100
2017-06-07,28.799999,28.950001,28.580000,28.730000,26.392387,7376600
2017-06-08,28.389999,28.420000,27.809999,28.299999,25.997372,6645000
2017-06-09,28.350000,28.559999,27.559999,27.840000,25.574799,7759300
2017-06-12,27.719999,27.840000,26.910000,27.180000,24.968502,8070000
2017-06-13,27.280001,27.540001,27.000000,27.400000,25.243580,7632100
2017-06-14,27.500000,27.950001,27.190001,27.389999,25.234364,10059000
2017-06-15,27.389999,27.389999,27.389999,27.389999,25.234364,0
2017-06-16,27.260000,27.850000,27.250000,27.490000,25.326494,17996000
2017-06-19,27.600000,27.750000,26.930000,27.129999,24.994829,6442200
2017-06-20,27.059999,27.059999,25.950001,26.000000,23.953760,10165800
2017-06-21,26.160000,26.299999,25.709999,25.860001,23.824778,8192200
2017-06-22,25.900000,26.190001,25.770000,26.000000,23.953760,6478800
2017-06-23,26.100000,26.120001,25.480000,25.480000,23.474686,5087000
2017-06-26,25.790001,27.100000,25.709999,26.969999,24.847420,9458100
2017-06-27,26.690001,26.980000,26.040001,26.100000,24.045891,10448300
2017-06-28,26.309999,26.549999,25.760000,26.389999,24.313066,4822100
2017-06-29,26.620001,26.940001,26.209999,26.559999,24.469687,5189400
2017-06-30,26.680000,26.920000,26.570000,26.799999,24.690798,5132700
2017-07-03,26.959999,27.280001,26.799999,27.170000,25.031679,4249300
2017-07-04,26.980000,27.420000,26.900000,27.309999,25.160662,3021300
2017-07-05,27.500000,27.580000,26.900000,27.170000,25.031679,7533800
2017-07-06,27.150000,27.219999,26.860001,26.990000,24.865845,3939200
2017-07-07,27.250000,27.340000,26.450001,26.629999,24.534180,5811100
2017-07-10,26.670000,27.040001,26.510000,26.910000,24.792145,4742500
2017-07-11,26.910000,28.090000,26.840000,28.040001,25.833210,9325400
2017-07-12,28.280001,28.969999,27.830000,28.840000,26.570250,11751800
2017-07-13,28.900000,29.209999,28.799999,29.100000,26.809790,7072800
2017-07-14,29.150000,29.469999,29.110001,29.410000,27.095388,5400800
2017-07-17,29.389999,29.389999,29.070000,29.260000,26.957195,4927400
2017-07-18,29.200001,29.290001,29.000000,29.280001,26.975620,6429700
2017-07-19,29.309999,29.570000,29.139999,29.379999,27.067749,5781700
2017-07-20,29.459999,30.000000,29.430000,29.639999,27.307287,7702600
2017-07-21,29.500000,29.969999,29.270000,29.410000,27.095388,4040100
2017-07-24,29.430000,29.559999,28.809999,29.080000,26.791359,6891200
2017-07-25,29.290001,29.750000,29.280001,29.559999,27.233582,4884400
2017-07-26,29.559999,29.680000,28.830000,28.840000,26.570250,5198400
2017-07-27,29.070000,29.209999,28.540001,28.590000,26.339924,4763300
2017-07-28,28.530001,28.650000,28.379999,28.559999,26.312283,3641900
2017-07-31,28.730000,28.860001,28.620001,28.700001,26.441267,3605600
2017-08-01,28.870001,29.500000,28.750000,29.299999,26.994041,7301900
2017-08-02,29.350000,30.610001,29.200001,30.480000,28.081177,8142100
2017-08-03,30.480000,30.950001,30.370001,30.680000,28.265438,7189400
2017-08-04,30.770000,30.990000,30.520000,30.870001,28.440481,4974900
2017-08-07,30.990000,31.469999,30.750000,31.350000,28.882711,4805500
2017-08-08,31.350000,31.940001,31.110001,31.350000,28.882711,6241600
2017-08-09,31.020000,31.040001,30.450001,30.770000,28.348356,6947800
2017-08-10,31.180000,31.219999,30.520000,30.920000,28.486547,9267400
2017-08-11,30.730000,31.090000,30.610001,30.900000,28.468122,5464600
2017-08-14,30.870001,31.670000,30.730000,31.090000,28.643164,8088200
2017-08-15,31.320000,31.559999,30.940001,30.940001,28.504976,8855100
2017-08-16,31.200001,31.299999,30.410000,30.690001,28.274651,10055700
2017-08-17,30.500000,30.620001,30.020000,30.150000,27.777147,5959100
2017-08-18,30.299999,30.450001,29.809999,30.420000,28.025906,9491900
2017-08-21,30.750000,31.160000,30.600000,30.820000,28.394421,7746000
2017-08-22,31.760000,32.150002,31.480000,31.990000,29.669016,11763800
2017-08-23,32.020000,32.270000,31.709999,32.009998,29.687559,6770300
2017-08-24,32.060001,32.209999,31.809999,32.119999,29.789581,6438500
2017-08-25,32.180000,32.410000,31.920000,32.000000,29.678286,4164900
2017-08-28,32.189999,32.189999,31.510000,31.700001,29.400057,4372800
2017-08-29,31.500000,31.549999,31.170000,31.490000,29.205292,7251100
2017-08-30,31.510000,31.680000,31.000000,31.170000,28.908508,5425500
2017-08-31,31.129999,31.309999,30.400000,30.700001,28.472610,9098800
2017-09-01,31.000000,31.969999,31.000000,31.889999,29.576263,13659100
2017-09-04,31.879999,32.080002,31.639999,31.840000,29.529898,4131400
2017-09-05,33.000000,33.049999,32.000000,32.000000,29.678286,11118900
2017-09-06,32.369999,32.840000,32.230000,32.759998,30.383148,11351700
2017-09-07,32.759998,32.759998,32.759998,32.759998,30.383148,0
2017-09-08,32.849998,32.950001,32.430000,32.660000,30.290401,6721500
2017-09-11,32.910000,33.939999,32.910000,33.830002,31.375521,12594600
2017-09-12,33.669998,34.070000,33.189999,33.380001,31.028135,7263400
2017-09-13,33.529999,33.900002,32.910000,33.590000,31.223339,7813300
2017-09-14,33.240002,33.880001,33.040001,33.619999,31.251228,5193200
2017-09-15,33.639999,34.450001,33.500000,34.110001,31.706701,12070900
2017-09-18,34.070000,34.599998,33.950001,34.580002,32.143581,6793300
2017-09-19,34.610001,34.750000,34.060001,34.540001,32.106407,5921100
2017-09-20,34.660000,35.130001,34.310001,34.759998,32.310898,12143700
2017-09-21,35.400002,35.970001,35.220001,35.520000,33.017357,16532900
2017-09-22,35.369999,35.419998,35.020000,35.299999,32.812862,5420100
2017-09-25,35.619999,35.740002,34.759998,34.799999,32.348087,5305700
2017-09-26,35.160000,35.320000,34.950001,35.000000,32.533997,7647700
2017-09-27,35.060001,35.330002,34.189999,34.820000,32.366676,8396800
2017-09-28,34.860001,34.860001,34.259998,34.529999,32.097111,6027100
2017-09-29,34.799999,35.230000,34.580002,34.900002,32.441044,6793400
2017-10-02,34.779999,35.049999,34.529999,34.950001,32.487514,5444200
2017-10-03,35.000000,36.380001,35.000000,36.369999,33.807468,12543100
2017-10-04,36.240002,36.480000,35.869999,36.200001,33.649448,9626000
2017-10-05,36.459999,37.470001,36.349998,36.790001,34.197876,10614600
2017-10-06,36.700001,37.000000,36.220001,37.000000,34.393085,6173600
2017-10-09,36.650002,36.880001,36.040001,36.590000,34.011967,8148500
2017-10-10,37.000000,37.369999,36.900002,37.369999,34.737011,9842800
2017-10-11,37.119999,37.450001,37.009998,37.400002,34.764896,7591800
2017-10-12,37.400002,37.400002,37.400002,37.400002,34.764896,0
2017-10-13,37.470001,37.570000,37.180000,37.419998,34.783485,4722900
2017-10-16,37.349998,37.500000,37.110001,37.500000,34.857853,5166900
2017-10-17,37.270000,37.560001,37.040001,37.560001,34.913628,5301600
2017-10-18,37.500000,37.750000,37.250000,37.430000,34.792786,6140400
2017-10-19,37.119999,37.389999,36.740002,37.180000,34.560402,5361500
2017-10-20,37.230000,37.509998,37.119999,37.509998,34.867149,6921100
2017-10-23,37.360001,37.389999,36.200001,36.200001,33.649448,6320100
2017-10-24,36.349998,36.650002,35.900002,36.529999,33.956188,8449300
2017-10-25,36.700001,37.340000,36.630001,36.860001,34.262943,9351500
2017-10-26,37.500000,37.830002,36.660000,36.660000,34.077038,7285700
2017-10-27,36.660000,36.990002,36.369999,36.500000,33.928307,5224000
2017-10-30,36.299999,36.360001,34.959999,35.209999,32.729198,9824100
2017-10-31,35.310001,35.680000,34.439999,34.439999,32.013447,6131900
2017-11-01,35.000000,35.040001,34.000000,34.000000,31.604454,7144900
2017-11-02,34.000000,34.000000,34.000000,34.000000,31.604454,0
2017-11-03,34.160000,34.439999,33.150002,33.389999,31.037439,9167300
2017-11-06,33.400002,33.599998,32.799999,33.119999,30.786455,10703300
2017-11-07,32.779999,32.860001,31.400000,31.459999,29.243412,14101100
2017-11-08,31.990000,33.250000,31.760000,33.110001,30.777163,9564500
2017-11-09,33.150002,33.200001,32.130001,32.259998,29.987043,9934600
2017-11-10,32.450001,32.459999,31.010000,31.299999,29.094685,11508300
2017-11-13,31.350000,31.350000,31.350000,31.350000,29.141167,9767300
2017-11-14,31.350000,31.889999,30.549999,30.600000,28.444010,10754800
2017-11-15,30.600000,30.600000,30.600000,30.600000,28.444010,0
2017-11-16,30.900000,32.139999,30.830000,32.049999,29.791843,8606400
2017-11-17,32.000000,32.840000,31.860001,32.590000,30.293797,9833200
2017-11-20,32.590000,32.590000,32.590000,32.590000,30.293797,0
2017-11-21,33.090000,33.290001,32.849998,33.150002,30.814342,13227100
2017-11-22,33.139999,33.240002,32.450001,32.740002,30.639563,10173300
2017-11-23,32.599998,32.959999,32.070000,32.779999,30.676989,4297600
2017-11-24,32.740002,32.750000,32.310001,32.599998,30.508539,5439100
2017-11-27,32.480000,32.480000,31.799999,32.160000,30.096769,5718900
2017-11-28,32.560001,32.990002,32.220001,32.639999,30.545977,7342500
2017-11-29,32.720001,32.900002,31.160000,31.160000,29.160923,12881300
2017-11-30,31.100000,31.100000,29.930000,29.930000,28.009836,16008700
2017-12-01,29.950001,30.840000,29.620001,30.780001,28.805304,11157000
2017-12-04,31.000000,31.980000,30.910000,31.530001,29.507191,8429700
2017-12-05,31.480000,32.299999,30.850000,31.070000,29.076700,9200500
2017-12-06,30.920000,32.009998,30.510000,32.009998,29.956390,9198200
2017-12-07,31.200001,31.360001,30.490000,30.770000,28.795942,14666200
2017-12-08,31.480000,31.610001,30.950001,30.950001,28.964399,6115600
2017-12-11,31.350000,31.600000,30.700001,30.700001,28.730440,7167500
2017-12-12,30.500000,31.299999,30.150000,31.299999,29.370962,8697000
2017-12-13,31.620001,31.900000,30.410000,30.549999,28.667187,15939500
2017-12-14,30.400000,30.760000,30.059999,30.430000,28.554583,7587400
2017-12-15,30.420000,30.900000,30.299999,30.600000,28.714108,10503200
2017-12-18,31.000000,31.250000,30.670000,31.010000,29.098835,7142300
2017-12-19,30.879999,31.129999,30.600000,30.830000,28.929934,4775400
2017-12-20,31.100000,31.250000,30.809999,30.850000,28.948700,4594600
2017-12-21,31.000000,31.590000,30.680000,31.190001,29.267744,8532100
2017-12-22,31.120001,31.480000,31.049999,31.299999,29.370962,3130100
2017-12-25,31.299999,31.299999,31.299999,31.299999,29.370962,0
2017-12-26,31.290001,31.850000,31.290001,31.639999,29.690008,3704000
2017-12-27,31.660000,32.090000,31.660000,32.029999,30.055973,4692400
2017-12-28,32.200001,32.369999,31.820000,31.820000,29.858913,6109600
2017-12-29,31.820000,31.820000,31.820000,31.820000,29.858913,0
2018-01-02,32.090000,32.930000,32.090000,32.930000,30.900509,9178100
2018-01-03,33.099998,33.419998,32.820000,33.349998,31.294619,8180700
2018-01-04,33.520000,33.959999,33.450001,33.669998,31.594898,9625200
2018-01-05,33.700001,33.900002,33.290001,33.669998,31.594898,5267800
2018-01-08,33.639999,33.750000,33.340000,33.750000,31.669971,5130600
2018-01-09,33.590000,33.799999,33.380001,33.430000,31.369690,5822500
2018-01-10,33.200001,33.590000,32.820000,33.290001,31.238317,5070000
2018-01-11,33.430000,34.220001,33.349998,34.049999,31.951481,9684400
2018-01-12,33.669998,34.160000,33.619999,34.130001,32.026546,7650400
2018-01-15,34.130001,34.450001,34.130001,34.299999,32.186073,5244600
2018-01-16,34.470001,34.689999,34.330002,34.599998,32.467583,6219300
2018-01-17,34.610001,35.570000,34.459999,35.419998,33.237041,12134800
2018-01-18,35.580002,35.580002,34.730000,35.180000,33.011833,9429400
2018-01-19,35.310001,35.799999,34.950001,34.950001,32.796009,8142700
2018-01-22,35.000000,35.200001,34.520000,35.070000,32.908615,6341000
2018-01-23,34.970001,35.490002,34.700001,35.220001,33.049377,15933000
2018-01-24,35.500000,37.990002,35.439999,37.990002,35.648659,27722100
2018-01-25,37.990002,37.990002,37.990002,37.990002,35.648659,0
2018-01-26,38.400002,39.500000,38.150002,39.169998,36.755932,24260100
2018-01-29,38.910000,39.200001,38.509998,38.950001,36.549492,13322200
2018-01-30,38.470001,38.950001,38.299999,38.799999,36.408737,10832100
2018-01-31,39.400002,40.099998,39.400002,39.680000,37.234493,12752900
2018-02-01,39.430000,40.049999,39.380001,39.790001,37.337719,10992500
2018-02-02,39.299999,39.590000,39.049999,39.250000,36.830997,8409600
2018-02-05,38.799999,39.410000,38.029999,38.080002,35.733105,6043400
2018-02-06,37.650002,40.080002,37.310001,39.750000,37.300182,13040200
2018-02-07,39.730000,40.610001,39.490002,39.790001,37.337719,13992300
2018-02-08,40.009998,40.220001,38.540001,38.540001,36.164761,12651200
2018-02-09,38.660000,38.790001,37.259998,37.820000,35.489132,10066800
2018-02-14,38.049999,39.740002,38.049999,39.560001,37.121899,10787900
2018-02-15,40.000000,40.200001,39.599998,39.900002,37.440945,11229500
2018-02-16,40.130001,40.310001,39.700001,40.299999,37.816288,6577100
2018-02-19,40.200001,40.560001,39.180000,39.630001,37.187580,4608900
2018-02-20,39.250000,40.930000,39.130001,40.799999,38.285473,8990400
2018-02-21,40.700001,41.439999,40.700001,41.119999,38.585751,11831700
2018-02-22,43.130001,43.279999,42.139999,42.400002,39.786861,17075800
2018-02-23,42.500000,42.689999,41.950001,42.400002,39.786861,8615600
2018-02-26,42.520000,43.110001,42.520000,43.020000,40.368652,6994200
2018-02-27,42.849998,43.099998,42.299999,42.599998,39.974537,5957000
2018-02-28,42.299999,42.880001,41.520000,41.799999,39.223843,7773500
2018-03-01,41.779999,42.250000,41.599998,42.099998,39.505352,7234200
2018-03-02,41.560001,42.410000,41.200001,42.200001,39.831623,5683600
2018-03-05,42.250000,42.880001,41.919998,42.549999,40.161980,6035900
2018-03-06,42.799999,43.959999,42.799999,43.490002,41.049225,14942600
2018-03-07,43.099998,43.599998,42.610001,43.189999,40.766060,7905300
2018-03-08,44.000000,44.299999,42.880001,43.419998,40.983158,8983800
2018-03-09,43.509998,44.049999,43.090000,43.709999,41.256878,9173400
2018-03-12,43.709999,43.709999,43.000000,43.480000,41.039780,8748700
2018-03-13,43.480000,43.570000,42.689999,42.849998,40.521297,8494700
2018-03-14,42.990002,43.080002,42.009998,42.480000,40.171402,14940000
2018-03-15,42.189999,42.430000,41.689999,42.389999,40.086285,8754700
2018-03-16,42.500000,42.820000,42.090000,42.400002,40.095749,23449400
2018-03-19,42.200001,42.330002,41.330002,41.400002,39.150101,10521100
2018-03-20,41.689999,41.820000,41.070000,41.560001,39.301403,6004100
2018-03-21,41.520000,42.299999,41.279999,42.250000,39.953907,12119200
2018-03-22,41.889999,42.529999,41.139999,41.490002,39.235210,7910300
2018-03-23,41.119999,41.900002,40.759998,41.200001,38.960964,8936700
2018-03-26,41.790001,41.900002,41.180000,41.480000,39.225746,4107700
2018-03-27,41.709999,41.750000,40.049999,40.450001,38.251724,11333200
2018-03-28,40.099998,40.570000,39.730000,40.320000,38.128792,7951800
2018-03-29,40.610001,41.500000,40.450001,41.029999,38.800205,7658300
2018-04-02,41.040001,41.139999,40.180000,40.250000,38.062595,7711800
2018-04-03,40.369999,40.750000,39.590000,39.720001,37.561401,6449200
2018-04-04,38.810001,40.049999,38.720001,40.049999,37.873459,7675500
2018-04-05,41.740002,41.750000,40.880001,41.220001,38.979881,12022800
2018-04-06,41.020000,41.020000,40.020000,40.680000,38.469219,7741500
2018-04-09,40.680000,40.910000,38.740002,39.200001,37.069653,8344600
2018-04-10,39.830002,39.830002,38.209999,38.730000,36.625195,13025800
2018-04-11,38.400002,39.450001,38.400002,39.049999,36.927807,5640000
2018-04-12,39.119999,39.450001,38.900002,38.950001,36.833241,5863300
2018-04-13,39.000000,39.150002,37.639999,37.639999,35.594437,10039500
2018-04-16,37.900002,38.189999,36.299999,36.299999,34.327259,11382900
2018-04-17,36.680000,37.310001,36.500000,37.169998,35.149975,7483700
2018-04-18,37.330002,38.500000,37.330002,38.020000,35.953785,11640100
2018-04-19,38.130001,38.200001,37.599998,38.040001,35.972698,9881000
2018-04-20,37.669998,37.950001,37.349998,37.619999,35.575523,5240600
2018-04-23,37.349998,37.360001,36.480000,36.939999,34.932480,9408800
2018-04-24,37.110001,37.380001,36.340000,36.580002,34.592045,9927400
2018-04-25,36.330002,37.130001,35.900002,37.060001,35.045959,7018400
2018-04-26,37.330002,37.570000,36.970001,37.349998,35.320190,6331600
2018-04-27,37.599998,37.840000,37.189999,37.349998,35.320190,6168600
2018-04-30,37.500000,37.599998,36.549999,36.700001,34.705524,5485700
2018-05-02,36.500000,36.709999,35.799999,36.020000,34.062473,6507600
2018-05-03,36.000000,36.220001,35.000000,35.000000,33.097904,8761300
2018-05-04,35.000000,35.310001,34.619999,34.930000,33.031708,7049500
2018-05-07,35.180000,35.669998,34.889999,34.889999,32.993885,7406900
2018-05-08,35.150002,36.189999,35.000000,35.840000,33.892254,8884200
2018-05-09,36.099998,37.349998,35.959999,37.349998,35.320190,13083200
2018-05-10,36.970001,36.970001,35.810001,35.980000,34.024651,20485000
2018-05-11,36.320000,36.540001,35.590000,35.810001,33.863895,9142300
2018-05-14,35.810001,36.230000,34.400002,34.919998,33.022255,8806800
2018-05-15,34.400002,34.400002,33.689999,33.970001,32.123886,12155100
2018-05-16,34.000000,34.730000,34.000000,34.470001,32.596714,7486300
2018-05-17,34.389999,34.389999,32.849998,32.869999,31.083664,13723600
2018-05-18,32.299999,32.959999,31.600000,32.689999,30.913443,11799100
2018-05-21,33.490002,33.490002,31.900000,31.910000,30.175835,9539100
2018-05-22,32.150002,32.830002,31.930000,32.400002,30.639206,10694800
2018-05-23,32.000000,32.250000,31.600000,31.700001,29.977245,8873000
2018-05-24,30.600000,31.200001,30.190001,30.730000,29.059963,20349000
2018-05-25,31.160000,31.290001,29.950001,30.090000,28.454744,9675400
2018-05-28,29.700001,29.700001,27.730000,27.879999,26.364845,14659600
2018-05-29,28.600000,28.950001,27.809999,28.510000,26.960609,14549100
2018-05-30,28.549999,30.370001,28.540001,30.370001,28.719528,21656500
2018-06-01,31.139999,31.280001,29.120001,30.660000,28.993767,20132000
2018-06-04,31.219999,31.400000,30.780001,31.100000,29.409859,8349900
2018-06-05,30.850000,30.959999,29.070000,29.120001,27.537462,11989800
2018-06-06,29.000000,29.240000,27.680000,27.680000,26.175716,14217000
2018-06-07,27.100000,27.270000,25.000000,26.570000,25.126038,26508700
2018-06-08,26.850000,27.780001,25.160000,26.950001,25.485388,22504900
2018-06-11,27.400000,27.600000,26.010000,26.059999,24.643757,10115900
2018-06-12,26.299999,27.320000,26.070000,26.990000,25.599051,13926600
2018-06-13,27.000000,27.250000,25.940001,26.500000,25.134306,16014100
2018-06-14,26.750000,26.879999,25.299999,25.299999,23.996149,14695600
2018-06-15,25.299999,25.400000,24.309999,25.000000,23.711609,30036900
2018-06-18,24.780001,25.350000,24.520000,24.520000,23.256348,11245800
2018-06-19,24.260000,26.799999,24.139999,26.240000,24.887707,15920200
2018-06-20,26.670000,27.030001,26.120001,27.000000,25.608538,16649900
2018-06-21,26.780001,26.980000,25.910000,26.010000,24.669559,10276000
2018-06-22,26.330000,26.620001,25.889999,26.100000,24.754919,8674400
2018-06-25,26.350000,27.000000,25.969999,26.860001,25.475752,11104100
2018-06-26,27.059999,27.480000,26.770000,27.180000,25.779261,11940500
2018-06-27,27.180000,28.170000,26.530001,26.620001,25.248123,14659000
2018-06-28,26.530001,28.150000,26.530001,28.150000,26.699272,11161000
2018-06-29,28.580000,28.900000,28.049999,28.650000,27.173506,13771200
2018-07-02,28.280001,29.400000,28.200001,29.389999,27.875366,8673300
2018-07-03,29.639999,30.100000,29.540001,29.650000,28.121969,10117900
2018-07-04,29.840000,30.540001,29.459999,30.500000,28.928162,6362400
2018-07-05,30.680000,30.790001,29.610001,29.790001,28.254751,9877400
2018-07-06,29.540001,30.040001,29.059999,29.459999,27.941761,9140400
2018-07-10,29.900000,30.209999,29.000000,29.209999,27.704645,14625100
2018-07-11,28.950001,29.980000,28.709999,29.790001,28.254751,14568700
2018-07-12,29.900000,30.540001,29.900000,30.360001,28.795378,9964000
2018-07-13,30.299999,31.129999,30.160000,31.129999,29.525696,10064100
2018-07-16,31.080000,31.370001,30.450001,30.790001,29.203218,8889800
2018-07-17,30.629999,32.099998,30.570000,31.820000,30.180136,11575800
2018-07-18,31.799999,32.230000,31.389999,31.620001,29.990446,12842500
2018-07-19,31.170000,31.340000,30.370001,31.340000,29.724873,27335300
2018-07-20,32.500000,33.330002,32.070000,33.000000,31.299324,19568500
2018-07-23,33.000000,33.200001,32.630001,32.779999,31.090658,5622900
2018-07-24,33.200001,33.419998,32.880001,33.040001,31.337265,6468000
2018-07-25,33.139999,33.740002,33.139999,33.570000,31.839951,8337600
2018-07-26,33.540001,33.669998,32.410000,32.480000,30.806118,7621400
2018-07-27,32.700001,33.299999,32.450001,32.880001,31.185511,6658600
2018-07-30,33.000000,33.250000,32.770000,32.889999,31.194994,4796900
2018-07-31,32.759998,32.840000,32.090000,32.500000,30.825094,6957100
2018-08-01,32.220001,33.250000,32.220001,32.970001,31.270868,7674600
2018-08-02,32.750000,33.599998,32.650002,33.230000,31.517467,7750900
2018-08-03,33.520000,34.520000,33.430000,34.230000,32.465939,12755500
2018-08-06,34.360001,34.500000,33.919998,34.299999,32.532326,5046000
2018-08-07,34.400002,34.669998,33.169998,33.570000,31.839951,10073800
2018-08-08,33.650002,33.919998,32.570000,32.630001,30.948399,9226800
2018-08-09,33.200001,33.919998,33.099998,33.599998,31.868399,15623500
2018-08-10,33.049999,33.130001,31.500000,31.750000,30.113745,20007700
2018-08-13,31.600000,32.200001,31.200001,31.900000,30.256014,8903700
2018-08-14,32.450001,33.060001,32.150002,33.000000,31.299324,8551200
2018-08-15,32.400002,32.720001,32.099998,32.299999,30.635399,12827000
2018-08-16,32.680000,32.919998,32.200001,32.400002,30.730247,9712800
2018-08-17,31.900000,32.240002,31.209999,31.260000,29.648996,14094300
2018-08-20,31.270000,31.520000,30.200001,30.430000,28.861771,15831700
2018-08-21,30.299999,30.480000,29.180000,29.219999,27.714128,15229000
2018-08-22,29.000000,30.190001,28.730000,30.000000,28.453932,13807200
2018-08-23,30.000000,30.580000,29.150000,29.240000,27.733097,17236400
2018-08-24,29.930000,30.080000,28.900000,29.639999,28.112484,10600900
2018-08-27,29.799999,30.549999,29.750000,30.549999,28.975584,6959700
2018-08-28,30.600000,30.850000,30.250000,30.400000,28.833317,6072300
2018-08-29,30.639999,31.430000,30.500000,31.020000,29.421364,8111700
2018-08-30,30.959999,30.959999,29.820000,29.930000,28.387539,11072100
2018-08-31,29.959999,30.730000,29.719999,30.100000,28.548777,10822800
2018-09-03,29.860001,29.920000,29.389999,29.389999,27.875366,5914200
2018-09-04,29.400000,29.490000,28.520000,28.639999,27.164019,11037500
2018-09-05,28.309999,29.260000,28.100000,28.690001,27.211443,7484400
2018-09-06,29.200001,29.500000,28.400000,29.330000,27.818460,10203100
2018-09-10,29.730000,29.920000,28.750000,28.930000,27.439074,14060800
2018-09-11,28.240000,28.250000,27.570000,27.620001,26.196589,12381000
2018-09-12,28.000000,28.160000,27.469999,27.660000,26.315979,15871600
2018-09-13,27.900000,27.950001,27.120001,27.290001,25.963957,6797100
2018-09-14,27.290001,27.639999,26.760000,27.510000,26.173269,11201700
2018-09-17,27.400000,28.450001,27.299999,28.450001,27.067593,14290300
2018-09-18,28.389999,29.719999,28.270000,29.719999,28.275883,15914000
2018-09-19,29.350000,30.250000,29.049999,29.420000,27.990458,11869300
2018-09-20,29.879999,29.920000,29.170000,29.500000,28.066570,6445800
2018-09-21,29.730000,30.580000,29.340000,30.580000,29.094095,16301600
2018-09-24,30.379999,30.700001,29.500000,29.730000,28.285397,13086900
2018-09-25,29.030001,29.760000,28.809999,29.549999,28.114141,11742900
2018-09-26,29.650000,29.969999,29.209999,29.450001,28.019001,12842400
2018-09-27,29.680000,30.299999,29.680000,30.290001,28.818186,8767900
2018-09-28,29.830000,29.980000,29.299999,29.450001,28.019001,12790900
2018-10-01,29.549999,29.760000,28.200001,28.209999,26.839256,15677500
2018-10-02,29.700001,31.559999,29.650000,31.430000,29.902790,32791500
2018-10-03,35.000000,35.419998,33.330002,34.279999,32.614311,35336300
2018-10-04,33.680000,35.880001,33.520000,35.119999,33.413486,27920000
2018-10-05,36.049999,36.290001,34.590000,35.740002,34.003365,23667700
2018-10-08,40.500000,40.750000,38.570000,39.200001,37.295238,41931900
2018-10-09,38.910000,39.700001,38.400002,39.000000,37.104958,25385300
2018-10-10,38.200001,38.200001,37.119999,37.349998,35.535133,20840800
2018-10-11,38.000000,38.169998,36.790001,37.200001,35.392426,19067000
2018-10-15,37.919998,38.439999,37.410000,37.720001,35.887154,13226100
2018-10-16,38.209999,39.500000,38.209999,39.369999,37.456978,18196300
2018-10-17,38.779999,39.740002,38.610001,39.709999,37.780457,16295800
2018-10-18,39.320000,39.980000,39.220001,39.250000,37.342815,15863700
2018-10-19,39.830002,39.860001,39.160000,39.580002,37.656784,9787200
2018-10-22,39.849998,40.240002,39.709999,39.849998,37.913658,10089700
2018-10-23,39.240002,40.189999,39.110001,39.990002,38.046860,13862900
2018-10-24,40.049999,40.320000,39.060001,39.099998,37.200104,13813200
2018-10-25,39.650002,40.349998,39.410000,40.099998,38.151508,14481500
2018-10-26,40.500000,42.570000,39.619999,42.419998,40.358780,20575700
2018-10-29,42.959999,43.400002,41.240002,41.869999,39.835503,36870500
2018-10-30,42.619999,43.400002,41.720001,43.099998,41.005737,22364100
2018-10-31,43.450001,43.599998,41.619999,42.750000,40.672745,12428600
2018-11-01,42.799999,43.560001,42.439999,43.380001,41.272137,15709200
2018-11-05,43.549999,43.590000,42.720001,43.410000,41.300671,10391700
2018-11-06,42.509998,43.240002,42.259998,42.470001,40.406349,12087500
2018-11-07,42.779999,43.080002,40.860001,41.450001,39.435909,11743000
2018-11-08,42.549999,42.759998,40.520000,40.599998,38.627213,17319300
2018-11-09,40.500000,41.770000,39.730000,41.500000,39.483482,12701700
2018-11-12,41.779999,42.490002,41.290001,42.180000,40.130444,11014600
2018-11-13,42.250000,42.630001,41.529999,41.700001,39.673763,11226800
2018-11-14,41.750000,42.009998,40.930000,41.770000,39.740360,15645500
2018-11-16,42.080002,43.099998,41.830002,43.090000,40.996227,14961700
2018-11-19,43.110001,44.299999,42.840000,44.099998,41.957146,16046600
2018-11-21,43.500000,44.099998,43.270000,44.000000,41.862007,12460100
2018-11-22,44.060001,44.869999,43.599998,44.450001,42.694664,10627300
2018-11-23,45.000000,45.790001,44.709999,44.799999,43.030838,14543200
2018-11-26,45.070000,45.730000,43.619999,44.009998,42.272038,11379600
2018-11-27,44.049999,45.400002,43.650002,45.049999,43.270973,13467400
2018-11-28,45.299999,45.799999,44.360001,45.759998,43.952934,13240700
2018-11-29,45.400002,45.910000,44.970001,45.240002,43.453468,9704000
2018-11-30,45.279999,45.320000,44.299999,44.630001,42.867561,11265500
2018-12-03,45.599998,45.599998,44.049999,44.099998,42.358486,12470500
2018-12-04,44.110001,44.599998,43.330002,43.660000,41.935860,11076300
2018-12-05,43.849998,44.169998,43.419998,44.099998,42.358486,4950700
2018-12-06,43.480000,44.369999,43.080002,44.369999,42.617821,8255600
2018-12-07,44.360001,44.930000,43.810001,44.029999,42.291252,7834000
2018-12-10,43.950001,44.250000,42.599998,42.740002,41.052193,9518500
2018-12-11,43.299999,43.549999,42.480000,42.990002,41.292320,9318100
2018-12-12,43.189999,43.599998,42.860001,42.980000,41.403748,12471100
2018-12-13,43.000000,44.250000,42.639999,44.080002,42.463409,8022000
2018-12-14,43.770000,44.500000,43.650002,44.099998,42.482674,7105700
2018-12-17,44.049999,44.529999,43.509998,43.700001,42.097343,6570700
2018-12-18,44.000000,44.419998,43.759998,43.799999,42.193672,8036000
2018-12-19,44.000000,44.700001,43.799999,43.799999,42.193672,7590900
2018-12-20,44.000000,44.540001,43.799999,44.080002,42.463409,7741700
2018-12-21,44.060001,44.750000,43.730000,44.090000,42.473042,13974100
2018-12-26,43.770000,44.380001,43.040001,44.380001,42.752411,7378200
2018-12-27,44.279999,45.119999,44.070000,45.119999,43.465263,7034400
2018-12-28,45.189999,46.490002,44.849998,46.490002,44.785027,12985900
2019-01-02,46.200001,49.700001,46.090000,48.599998,46.817638,14905300
2019-01-03,48.500000,49.200001,47.849998,48.799999,47.010303,8879100
2019-01-04,48.080002,49.830002,47.919998,48.799999,47.010303,8859200
2019-01-07,48.830002,49.470001,48.169998,48.480000,46.702045,9393500
2019-01-08,48.599998,49.049999,46.830002,47.930000,46.172211,14517300
2019-01-09,48.349998,48.349998,47.480000,47.799999,46.046978,16718000
2019-01-10,47.450001,48.810001,47.150002,48.500000,46.721302,10262600
2019-01-11,48.480000,48.889999,48.119999,48.700001,46.913971,6877500
2019-01-14,48.700001,49.830002,48.500000,49.830002,48.002529,8974400
2019-01-15,49.529999,49.939999,48.970001,49.250000,47.443802,9243100
2019-01-16,49.349998,49.419998,48.669998,48.779999,46.991035,6674700
2019-01-17,48.840000,49.490002,48.400002,48.959999,47.164440,12979300
2019-01-18,49.009998,49.430000,48.549999,48.549999,46.769474,13081700
2019-01-21,48.619999,48.750000,47.700001,48.290001,46.519012,8299600
2019-01-22,48.400002,48.919998,47.930000,48.200001,46.432312,10193300
2019-01-23,48.450001,49.419998,48.200001,49.200001,47.395638,10197300
2019-01-24,49.189999,49.570000,48.750000,48.950001,47.154804,9903400
2019-01-28,48.000000,49.220001,48.000000,48.320000,46.547909,8400800
2019-01-29,49.000000,49.930000,48.590000,49.930000,48.098862,12203700
2019-01-30,50.000000,50.580002,49.470001,50.580002,48.725025,8550100
2019-01-31,51.000000,52.750000,50.889999,51.860001,49.958080,15088300
2019-02-01,51.560001,52.110001,51.209999,52.110001,50.198917,8604100
2019-02-04,51.720001,53.459999,51.299999,53.099998,51.152603,7739600
2019-02-05,52.650002,54.650002,52.650002,54.650002,52.645763,11426700
2019-02-06,53.849998,53.919998,51.320000,51.320000,49.437885,16436900
2019-02-07,52.000000,52.759998,50.099998,51.660000,49.765419,15667000
2019-02-08,51.549999,52.759998,50.910000,51.730000,49.832851,10047300
2019-02-11,52.000000,52.169998,50.200001,50.200001,48.358963,9468000
2019-02-12,50.820000,53.470001,50.799999,53.290001,51.335640,18333100
2019-02-13,53.290001,53.750000,51.650002,52.080002,50.170017,14744400
2019-02-14,53.200001,54.980000,52.080002,54.740002,52.732460,27857700
2019-02-15,54.700001,55.480000,54.270000,54.810001,52.799896,12532600
2019-02-18,54.360001,54.779999,53.529999,54.270000,52.279701,8809400
2019-02-19,54.430000,55.910000,54.320000,54.500000,52.501263,13553400
2019-02-20,55.279999,55.520000,52.959999,52.959999,51.017742,16672300
2019-02-21,53.450001,53.889999,52.900002,53.200001,51.248940,10342700
2019-02-22,53.200001,53.500000,52.580002,53.090000,51.718380,7260200
2019-02-25,53.669998,53.770000,52.200001,52.220001,50.870853,10139000
2019-02-26,52.299999,52.919998,52.000000,52.500000,51.143623,7287300
2019-02-27,52.470001,52.689999,51.849998,51.900002,50.559124,6269600
2019-02-28,52.000000,52.139999,50.520000,50.599998,49.292709,11046200
2019-03-01,50.759998,51.509998,50.660000,51.310001,49.984367,9272200
2019-03-06,51.430000,52.130001,50.500000,50.599998,49.292709,5165800
2019-03-07,50.599998,50.950001,50.150002,50.430000,49.698715,8474400
2019-03-08,50.270000,52.349998,49.820000,52.200001,51.443047,8093300
2019-03-11,52.340000,53.799999,52.330002,53.799999,53.019844,11535700
2019-03-12,53.470001,53.790001,52.389999,53.340000,52.719505,8029400
2019-03-13,53.200001,54.560001,52.910000,54.160000,53.529964,9579100
2019-03-14,54.000000,54.099998,52.900002,53.750000,53.124733,8135600
2019-03-15,53.700001,54.290001,53.490002,54.209999,53.579384,12714800
2019-03-18,54.560001,54.599998,53.700001,53.799999,53.174152,12096900
2019-03-19,54.000000,54.049999,52.529999,52.650002,52.037533,8459700
2019-03-20,52.689999,52.880001,51.470001,51.470001,50.871258,13314100
2019-03-21,51.570000,51.720001,49.669998,50.389999,49.803822,15800000
2019-03-22,49.279999,49.290001,47.500000,47.650002,47.095695,22882400
2019-03-25,47.380001,48.830002,47.000000,47.990002,47.431740,13670300
2019-03-26,48.950001,49.250000,47.770000,49.119999,48.548592,11781700
2019-03-27,48.250000,48.250000,46.400002,46.400002,45.860237,19072500
2019-03-28,46.970001,48.720001,46.450001,48.020000,47.461391,21866400
2019-03-29,48.700001,49.369999,48.250000,48.720001,48.153248,10937100
2019-04-01,49.389999,49.720001,48.900002,49.200001,48.627663,7395200
2019-04-02,49.500000,49.810001,48.709999,48.770000,48.202667,10032300
2019-04-03,49.419998,49.750000,47.900002,48.250000,47.688717,18510800
2019-04-04,48.700001,49.200001,47.849998,48.830002,48.261971,11552000
2019-04-05,49.070000,49.650002,48.730000,49.110001,48.538712,7189400
2019-04-08,49.090000,49.340000,48.639999,49.189999,48.617779,6250300
2019-04-09,48.889999,48.889999,47.910000,48.450001,47.886391,8004200
2019-04-10,48.840000,49.080002,48.169998,48.810001,48.242203,8053700
2019-04-11,48.709999,48.970001,47.959999,48.349998,47.787552,8555100
2019-04-12,46.849998,48.349998,46.299999,46.730000,46.186398,17500900
2019-04-15,47.299999,47.770000,46.160000,46.860001,46.314884,12785800
2019-04-16,46.950001,48.200001,46.500000,47.830002,47.273605,13271400
2019-04-17,48.099998,48.669998,46.849998,47.200001,46.650932,20089500
2019-04-18,47.660000,49.200001,47.520000,48.849998,48.281734,16539800
2019-04-22,48.779999,48.779999,48.020000,48.340000,47.777668,6259800
2019-04-23,48.980000,49.349998,48.669998,49.310001,48.736385,7663900
2019-04-24,49.180000,49.330002,47.950001,48.310001,47.748020,10410400
2019-04-25,48.119999,49.189999,47.759998,49.099998,48.528824,9829500
2019-04-26,49.000000,49.560001,48.700001,49.349998,48.775917,8634100
2019-04-29,49.599998,50.299999,48.450001,49.369999,48.795685,16781300
2019-04-30,49.560001,49.860001,49.139999,49.680000,49.102077,8149000
